{
  "advancedEditorSelectedIdentifier" : "ProjectBrowser",
  "openSceneRelativePaths" : [
    "Scene.usda",
    "Planet.usda"
  ],
  "recentIdentifiers" : {
    "55099799-D6F7-4E24-A923-239F6F0EFE77" : [

    ]
  },
  "sceneCameraHistory" : {
    "7CF4FD89-9600-46A4-B5D3-347F81D12A66" : [
      {
        "date" : 713820502.944105,
        "title" : "Untitled",
        "transform" : [
          0.99999994,
          0,
          -0,
          0,
          -0,
          0.8659282,
          -0.50016826,
          0,
          0,
          0.50016826,
          0.8659282,
          0,
          12.397565,
          214.02722,
          370.55276,
          1
        ]
      },
      {
        "date" : 713820496.410175,
        "title" : "Untitled",
        "transform" : [
          0.99999994,
          0,
          -0,
          0,
          -0,
          0.8660254,
          -0.49999994,
          0,
          0,
          0.49999994,
          0.8660254,
          0,
          0,
          0.11538999,
          0.19986133,
          1
        ]
      }
    ],
    "26DBAE76-5DD8-47B6-A085-1B4ADA111097" : [
      {
        "date" : 713807859.674624,
        "title" : "Untitled",
        "transform" : [
          0.99999994,
          0,
          -0,
          0,
          -0,
          0.8660254,
          -0.49999994,
          0,
          0,
          0.49999994,
          0.8660254,
          0,
          0,
          0.17321488,
          0.300217,
          1
        ]
      }
    ],
    "55099799-D6F7-4E24-A923-239F6F0EFE77" : [
      {
        "date" : 713818934.534342,
        "title" : "Untitled",
        "transform" : [
          0.26541895,
          5.347278e-09,
          0.9641331,
          0,
          0.5176636,
          0.84363234,
          -0.14250916,
          0,
          -0.8133739,
          0.5369213,
          0.22391583,
          0,
          -5.7089376,
          3.6271305,
          2.9959967,
          1
        ]
      },
      {
        "date" : 713818930.818474,
        "title" : "Untitled",
        "transform" : [
          0.99994415,
          3.0157215e-09,
          0.0105645275,
          0,
          0.004858252,
          0.8879846,
          -0.45984763,
          0,
          -0.009381306,
          0.4598733,
          0.88793504,
          0,
          0.54622793,
          3.1418195,
          5.6324067,
          1
        ]
      },
      {
        "date" : 713818927.0711,
        "title" : "Untitled",
        "transform" : [
          0.9963628,
          2.9979224e-09,
          0.08521209,
          0,
          0.04123303,
          0.8751299,
          -0.48212814,
          0,
          -0.07457182,
          0.48388815,
          0.8719469,
          0,
          0.12919879,
          3.293501,
          5.6413927,
          1
        ]
      },
      {
        "date" : 713818911.582337,
        "title" : "Untitled",
        "transform" : [
          0.9122673,
          3.4064978e-09,
          -0.40959516,
          0,
          -0.16781807,
          0.91221285,
          -0.37377116,
          0,
          0.37363783,
          0.40971673,
          0.8321821,
          0,
          2.8346066,
          2.8238976,
          4.610884,
          1
        ]
      },
      {
        "date" : 713818904.659119,
        "title" : "Untitled",
        "transform" : [
          0.9998508,
          3.4120071e-09,
          -0.017271273,
          0,
          -0.006672948,
          0.9223499,
          -0.38629806,
          0,
          0.01593002,
          0.38635567,
          0.9222122,
          0,
          0.669673,
          1.7746115,
          3.6924682,
          1
        ]
      },
      {
        "date" : 713818869.419722,
        "title" : "Untitled",
        "transform" : [
          0.9999975,
          3.439349e-09,
          -0.0022181433,
          0,
          -0.00046909205,
          0.97739154,
          -0.2114371,
          0,
          0.0021678589,
          0.2114376,
          0.97738904,
          0,
          0.7823243,
          1.0685116,
          3.9635382,
          1
        ]
      },
      {
        "date" : 713818867.33439,
        "title" : "Untitled",
        "transform" : [
          0.9974384,
          3.439349e-09,
          0.07153066,
          0,
          0.015124181,
          0.97739154,
          -0.21089602,
          0,
          -0.069913596,
          0.2114376,
          0.9748878,
          0,
          0.48791128,
          1.0685116,
          4.0104375,
          1
        ]
      },
      {
        "date" : 713818856.151199,
        "title" : "Untitled",
        "transform" : [
          0.9991319,
          3.4994005e-09,
          -0.04165792,
          0,
          -0.0074023986,
          0.9840861,
          -0.1775384,
          0,
          0.040994845,
          0.17769262,
          0.9832318,
          0,
          0.9394772,
          0.931484,
          3.9639754,
          1
        ]
      },
      {
        "date" : 713818852.470136,
        "title" : "Untitled",
        "transform" : [
          0.9742971,
          4.366884e-09,
          -0.22526678,
          0,
          -0.035680737,
          0.9873762,
          -0.15432169,
          0,
          0.22242291,
          0.15839283,
          0.9619978,
          0,
          1.6585772,
          0.8530027,
          3.7396376,
          1
        ]
      },
      {
        "date" : 713818837.203193,
        "title" : "Untitled",
        "transform" : [
          0.9991545,
          3.76305e-09,
          0.041115355,
          0,
          0.01180584,
          0.9578881,
          -0.2868989,
          0,
          -0.039384045,
          0.28714168,
          0.95707816,
          0,
          0.61377347,
          1.3749981,
          3.8982103,
          1
        ]
      }
    ]
  },
  "selectedSceneRelativePath" : "Planet.usda"
}